ASC_WALK = -2.5538658469008904
B_AGE = 3.2005220109011756e-15
B_CAROWNERSHIP = -1.8114787771978296e-17
B_GENDER = 7.013414074675081e-17
B_INCOME = 0.0
B_TC_CAR = -0.1989303463683622
B_TT_CAR = -0.09977869607391893
B_TT_WALK = -0.06476721209570271
B_WALKBILITY = 0.007587285564948978
