ASC_WALK = -2.5538658469008895
B_AGE = 9.824741056749326e-15
B_CAROWNERSHIP = -3.722154068962936e-17
B_GENDER = -1.1637245830367504e-17
B_INCOME = 9.587532624605063e-15
B_TC_CAR = -0.1989303463683577
B_TT_CAR = -0.09977869607390862
B_TT_WALK = -0.06476721209571654
B_WALKBILITY = 0.007587285564926096
