ASC_PT = 2.388566870300438
B_TT = -0.12036883929159889
B_kids = 0.15851819616190935
