ASC_BIKE = -2.261156690380535
ASC_PT = -0.007594972289962449
ASC_WALK = -2.3187602011230046
B_AGE = 5.68031541037971e-14
B_BIKEBILITY = 0.005637615856864935
B_CAROWNERSHIP = 1.4061917171604944e-16
B_GENDER = 4.932077716604336e-17
B_INCOME = -1.8909786833947553e-13
B_JT_PT = -0.06340499808039865
B_TC_CAR = -0.19137650122110697
B_TC_PT = -0.7623163103656992
B_TT_BIKE = -0.07335355907491942
B_TT_CAR = -0.10121098511125619
B_TT_WALK = -0.07084450708904161
B_WALKBILITY = 0.00865422660528955
